0.44951
0.28095
0.40135
2.48837
0.29700
0.37727
0.40938
-0.22476
0.17659
-0.28095
-0.04014
0.00000
0.12843
0.22476
17.80389
442.80161
442.96216
443.02637
443.04242
443.15482
443.33942
442.93808
442.94611
443.04242
442.92203
442.93808
442.91400
442.90598
442.81766
345.79529
-0.15251
-0.15251
-0.14449
-0.22476
-0.11238
436.64490
436.51648
436.77335
436.72519
436.83755
436.88571
240.00740
0.30503
0.20068
0.21673
0.37727
0.15251
0.08027
0.02408
0.04816
293.95688
445.77161
445.76358
445.35422
445.69135
445.61108
445.69135
445.68332
445.25787
445.38632
447.15225
293.94083
-1.56527
7.44906
0.22476
0.08027
0.05619
0.08830
0.15251
0.17659
0.20870
0.37727
56.90343
455.09097
455.21939
455.24347
455.05884
455.24347
455.05884
455.04279
455.01068
454.98660
455.27557
455.03476
466.85855
467.21173
454.76184
454.81003
454.74579
454.86621
215.19594
-0.03211
0.12041
0.18462
0.19265
0.31305
261.27896
424.77298
424.68466
424.45187
424.56427
424.53217
424.58835
424.66058
424.81311
424.70071
424.70071
424.86929
424.86127
424.86127
424.77298
424.72479
424.54822
424.78101
424.83719
424.82916
424.91745
424.86929
424.85324
425.11011
425.01376
425.17432
424.94153
424.72479
0.58597
0.61005
111.97670
439.99216
439.57477
439.67911
439.49451
439.66306
439.74332
439.64700
439.79953
439.52661
439.52661
439.78348
446.11676
0.53781
0.65019
0.83481
0.77862
1.04351
447.59375
447.39307
447.18436
447.32886
447.03989
447.38504
447.29675
447.36096
447.52951
447.72217
447.37701
447.35294
447.47333
447.62585
447.36899
447.40912
447.61783
0.72243
0.90705
0.99535
1.11575
1.22813
1.17997
421.75482
450.21054
450.40320
450.33896
450.17844
450.16238
449.92157
449.95367
450.17041
450.11423
450.22659
449.88947
450.23462
450.12225
308.72659
0.99535
0.98732
0.93113
1.16392
1.04351
0.94719
0.97127
393.41949
435.14386
435.35257
434.98331
434.91910
435.10373
435.01541
411.41605
1.01140
0.81073
0.92311
0.93916
1.04351
437.61618
442.94611
442.87387
442.87387
442.76147
442.88190
442.79358
442.81766
442.84177
442.56082
442.72937
458.92786
92.43095
1.42881
1.54921
454.24814
454.89029
454.85016
454.98660
454.81805
454.76987
454.73776
454.79398
454.85016
454.90634
454.87424
454.89832
456.02209
1.40473
1.61343
1.63751
1.35656
4.67172
443.21100
443.16284
443.42773
443.28323
443.19495
443.31534
443.43576
443.58023
443.68460
443.48392
444.18225
390.61807
1.24419
1.18800
1.43683
1.29235
33.40036
434.99936
434.77463
434.87094
435.03146
435.07162
435.08768
435.24820
435.42480
435.28030
435.36060
435.29636
435.30438
435.15189
435.55322
435.37665
435.46494
435.54520
435.43283
439.48645
2.14321
2.44824
1.99872
2.22348
2.24756
2.16729
2.19137
2.19137
2.19940
2.23151
2.31980
2.40810
2.48034
