0.08027
0.34516
-0.02408
0.00803
0.20870
-0.02408
-0.03211
-0.35319
-0.35319
-0.41740
-0.42543
974.94379
975.24884
975.15247
975.40131
975.39331
975.35315
-0.23278
-0.36924
-0.35319
133.39275
981.14062
981.00415
981.79883
981.06836
981.04431
981.19684
981.08441
981.10052
980.65100
-0.49767
-0.47359
-0.47359
-0.31305
819.34833
960.91260
961.03296
961.07312
961.16943
961.30591
961.28986
961.01691
961.25775
961.21759
961.14539
961.28180
961.28986
961.19354
-0.07224
0.11238
3.02618
6.29317
-0.23278
-0.22476
27.37208
1000.19672
1000.17267
1000.14856
1000.29309
1000.01208
1000.10846
1000.10040
1000.30914
1000.10040
1000.29309
999.99603
1000.31714
-0.23278
-0.45754
934.86493
934.54388
934.75256
934.68036
934.99341
934.57599
934.63220
934.52783
934.83282
934.58398
934.91315
934.71246
934.76062
934.88904
934.89703
854.00092
-0.16054
-0.20870
-0.01605
-0.08830
-0.21673
-0.34516
-0.40135
318.74429
966.34686
966.28265
966.28265
966.42712
966.64386
966.44318
966.56360
966.46729
966.45123
-0.21673
-0.28095
-0.29700
-0.04014
904.32220
983.13934
983.07513
982.95471
982.97076
982.98682
982.95471
915.38342
0.28897
-0.02408
-0.16857
707.34760
989.07129
989.01514
988.71814
988.86261
988.95093
989.01514
988.83850
988.83051
989.05524
989.02313
590.94800
-0.26489
-0.33713
-0.28095
-0.43346
-0.48162
-0.27292
955.82349
954.89233
954.77191
954.81207
954.61139
954.73181
954.75586
954.70770
936.46234
-0.48162
-0.82678
-0.88297
-0.77059
217.09030
972.66412
972.77649
972.64807
972.63202
972.68018
972.42328
972.68817
972.55176
972.42328
440.46576
0.21673
0.02408
-0.27292
-0.23278
-0.04014
-0.03211
43.73914
998.88831
998.67963
998.79199
998.58331
998.47894
998.83215
998.68768
998.67963
998.63953
998.86426
998.63953
971.54034
-0.81073
-0.69835
120.99102
972.72028
972.59186
972.78455
972.72028
972.80060
972.54370
972.71228
972.64001
972.55975
972.58386
972.63202
-1.37262
-1.13181
-1.07562
-1.10773
-1.01140
-1.23616
-1.33248
-1.43683
-1.54118
692.93909
950.84674
950.50159
950.75037
950.63000
950.78253
950.91895
950.79053
952.17920
952.74109
-1.33248
-1.17997
-1.32446
-1.13181
