0.17659
0.21673
-0.01605
0.03211
975.20062
975.35315
975.20062
974.77521
975.16052
975.18457
975.09631
974.87152
974.78326
974.57452
974.71906
974.70300
974.63074
974.53442
973.92438
974.57452
974.62268
901.99438
-0.43346
-0.48965
-0.60203
-0.52978
-0.44951
-0.97127
441.18820
441.91864
442.47250
442.47250
442.09525
442.24774
442.03906
442.19958
442.07919
442.22366
442.08722
442.24774
442.36014
442.41632
442.13538
442.18353
442.19958
442.40027
442.33606
442.30396
442.33606
442.46448
442.56082
259.80200
-0.09632
0.04816
-0.09632
-0.24884
1.88635
2379.78979
2422.42114
2422.68604
2422.32495
2422.18042
2422.35693
2422.03589
2422.09204
2421.94751
2421.97168
2421.69067
2421.99585
2421.90747
2422.07593
2422.22046
2422.15625
2421.82715
2421.88330
2421.89941
2421.88330
2422.06006
2422.15625
2422.03589
2421.98779
2421.91553
2421.98779
2421.95557
2422.14819
2421.93970
2422.02783
2422.15625
2422.01978
2422.19653
2422.16431
2422.19653
2421.93164
2422.23657
2422.14038
2422.18042
2422.06812
2421.81104
2421.79517
2421.93164
2421.92358
2421.95557
2421.90747
-2.48837
-2.76129
-2.80142
-2.68102
-2.85761
-2.58470
-2.26361
-2.28770
