0.44186
0.19638
0.15547
0.05728
0.27003
0.07364
-0.06546
0.57278
0.31912
0.01637
0.49095
0.14729
0.54005
0.16365
0.72825
0.71188
0.29457
0.53187
0.59733
0.52368
1.49741
3.31394
1.06373
-0.21275
77.02259
880.94434
1317.10022
4293.84766
4871.38232
4873.95166
4884.13867
4855.50000
4548.89893
1685.79077
1031.26648
899.97699
4326.34082
4946.72754
5939.18408
6165.66113
6303.07129
6373.16309
6136.13867
6443.86865
5558.78418
2555.91772
761.92059
178.13469
-126.13441
2500.25977
3645.26416
2287.34912
4886.80615
5761.63818
5924.22607
6114.59375
5043.21631
4866.66895
2538.99609
2403.15723
2376.55566
2419.77588
5178.68701
3830.59937
3859.09937
3945.01636
3131.05469
2834.10083
3120.32715
3496.15308
4523.72070
3608.27075
5179.54639
4870.22021
5337.18359
4758.74072
4781.01367
4881.52051
4897.61572
4895.32422
5723.05762
6183.51562
6059.68066
5953.11865
4968.91846
5530.79980
5286.84424
5152.41260
5088.10596
5015.55908
5534.08105
5296.39355
4097.05664
3826.91724
4023.19263
3790.77490
4952.89697
5316.17871
5817.05078
4396.79297
3916.28735
3976.74023
5012.96533
2693.94141
1547.10425
3726.60718
1133.70410
1710.13391
2049.41626
3321.75781
2216.31616
5672.60352
5504.53369
5011.77881
5477.55566
5772.12842
5596.69385
5332.37207
6202.99023
6476.73828
5333.67334
5195.42871
4855.54883
4854.85352
4855.12354
4855.45068
4854.88623
4726.05957
4734.78223
4492.25879
3226.38989
2786.17529
2435.85474
2124.96606
2091.30273
2005.20581
4250.70947
4866.35791
4866.33350
4866.60352
4866.48096
4866.41553
4866.76709
4866.56250
4866.48096
4866.75928
4866.64453
4866.97998
4866.68555
4866.73438
4866.43994
4866.24365
4866.62793
4866.83252
4866.78369
4866.79199
4866.59521
4866.46436
4866.16162
4866.75098
4866.92285
4865.78516
4866.66895
4866.85742
4866.81641
4866.73438
4866.30908
4866.34180
4866.48096
4866.36621
4875.34277
5295.85352
3890.63501
-139.53748
2862.82153
4771.80859
4888.90918
1124.34326
3037.47876
2027.53601
3314.70435
5244.94971
5478.59473
5003.69434
5496.49854
5985.72656
4827.48291
5059.58984
2385.10645
1842.75708
4485.59814
4885.70166
4938.02930
5087.56592
2994.62646
1484.26208
-6.87336
-8.46897
-8.11712
-7.70799
-8.05165
-7.74072
-7.64253
-7.58525
-7.25795
-7.55252
-7.41341
-7.53615
-7.65889
-7.35614
-7.37250
-7.48706
-7.05338
-7.20067
-7.15157
-7.61798
-7.14339
-7.28249
-6.47242
-6.91428
-6.83245
-6.49697
-6.74244
-6.79972
-6.65243
-6.46424
-6.15330
-6.22694
-6.34150
-6.33331
-6.50515
-6.88973
-6.16966
-6.35786
-6.16966
-6.36604
-5.86691
-6.45605
-7.44614
-6.39877
-6.01419
-6.24331
-5.90782
-5.87509
-6.46424
-6.00601
-6.34150
-6.45605
-5.96510
-6.12875
-6.00601
-6.16966
-6.13693
-6.37423
-6.12057
-6.11238
-6.11238
-6.00601
-5.75235
-6.12875
-5.88327
-6.12057
-6.17785
-6.39877
-5.77690
-5.74417
-5.79326
-5.98965
-6.12875
-5.85872
-5.95692
-6.17785
-5.89964
-5.63779
-5.94873
-6.06329
-5.85054
-5.60506
-5.71144
-5.50687
-5.61325
-5.80145
-5.76872
-5.60506
-6.16148
-5.81781
-6.16966
-6.23512
-6.27604
-6.20239
-5.67871
-5.98965
-6.20239
-6.15330
-5.94873
-6.34968
-6.07147
-5.89145
-6.11238
-6.12057
-6.34150
-6.27604
-6.61970
-6.18603
-6.24331
-6.15330
-5.62143
-6.52151
-6.12057
-6.32513
-5.77690
-5.86691
-6.27604
-5.75235
-6.11238
-6.32513
-6.18603
-5.87509
-6.52151
-6.25967
-5.90782
-5.91600
-6.30877
-6.31695
-5.85054
-6.10420
-6.48060
-6.14511
-5.80145
-5.98146
-5.76872
-5.89145
-5.86691
-6.06329
-5.65416
-5.85054
-6.07965
-6.21058
-6.16966
-6.14511
-5.94055
-6.11238
-6.16966
-6.34968
-5.99783
-6.19421
-5.84236
-5.90782
-6.10420
-6.00601
-5.95692
-5.85872
-5.91600
-6.03874
-5.57233
-5.95692
-5.94873
-5.80145
-5.81781
-5.76053
-5.74417
-5.52324
-5.97328
-5.78508
-5.58052
-5.90782
-5.70326
-5.60506
-5.88327
-5.78508
-5.63779
-5.50687
-5.86691
-5.64598
-5.80963
-5.46596
-5.97328
-5.55597
-5.80145
-6.03874
-6.14511
-6.15330
-6.13693
-6.30877
-6.27604
-5.94873
-6.10420
-6.56243
-6.65243
-6.34150
-6.56243
-6.41514
-6.23512
-6.33331
-6.38241
-6.43969
-6.19421
