0.17183
0.31912
0.26184
0.52368
0.27821
0.46641
0.63006
0.49095
0.83462
0.32730
0.77734
0.68734
-0.01637
0.28639
0.43368
0.57278
0.16365
0.08183
0.40095
0.14729
0.60551
0.58096
0.69552
0.85917
0.81008
0.57278
0.39276
8.31350
138.81741
698.07196
1383.76367
2382.60254
4348.44189
5770.63086
4883.14062
4878.28027
4878.15723
4878.66455
4878.67285
4879.13086
4878.86084
4879.11475
4878.94287
4879.03271
4878.61572
4878.60742
4878.96729
4878.95117
4879.31934
4879.26221
4879.32764
4879.14746
4879.44189
4879.54004
4879.45020
4879.15576
4879.11475
4879.76123
4879.36035
4879.44189
4879.45020
4879.30273
4879.45850
4879.84277
4879.62207
4879.46680
4879.65479
4879.15576
4879.76953
4879.67920
4879.54834
4879.53223
4879.83496
4879.99023
4879.92480
4879.55664
4879.91650
4879.62207
4879.87549
4879.77734
4880.18652
4879.53223
4879.99023
4879.79395
4880.15381
4879.85938
4880.05566
4879.54834
4879.55664
4880.03955
4880.32568
4880.29297
4879.72021
4880.18652
4880.18652
4880.15381
4880.35010
4880.06396
4880.06396
4879.98193
4880.35840
4880.19482
4879.68750
4880.14551
4880.12939
4879.84277
4880.21924
4880.04736
4879.92480
4879.81836
4880.22754
4879.74463
4879.85938
4880.14551
4879.81836
4879.84277
4880.05566
4880.23584
4879.99854
4880.01465
4880.11279
4879.96582
4879.58105
4880.12939
4880.03955
4880.76758
4886.72461
4889.49854
4894.72705
4884.55615
4879.22949
4889.63770
4876.96289
4002.96533
2522.27100
429.07794
-8.93537
-8.19076
-8.21531
-8.19894
-7.78163
-7.72435
-8.13348
-8.12530
-7.81436
-8.50170
-7.88800
-8.00256
-8.53443
-7.41341
-7.58525
-7.51160
-7.56888
-7.51160
-7.35614
-7.48706
-7.37250
-7.35614
-7.35614
-7.04520
-7.58525
-7.56070
-7.12702
-7.53615
-7.27431
-7.24976
-7.51979
-7.47887
-7.45433
-7.74072
-7.67526
-7.56070
-8.19076
-8.54261
-7.92892
-7.96165
-8.02711
-7.84709
-7.89619
-7.68344
-7.53615
-8.12530
-8.18258
-7.49524
-7.65071
-7.64253
-7.34795
-7.24158
-7.38068
-7.17612
-6.91428
-7.27431
-7.29068
-7.22521
-7.56070
-7.40523
-6.81609
-7.04520
-6.77517
-7.13521
-6.69335
-7.12702
-7.19248
-7.12702
-7.06975
-6.93064
-6.93882
-6.96337
-7.35614
-6.57879
-6.90609
-6.93882
-6.61152
-6.40696
-6.41514
-6.52151
-6.31695
-6.45605
-6.81609
-6.75881
-7.19248
-7.18430
-6.88973
-6.79154
-6.48878
-6.70153
-6.84063
-7.11066
-7.06975
-7.19248
-7.11884
-7.15157
-7.14339
-7.18430
-7.34795
-7.14339
-7.22521
-7.54434
-7.09429
-7.03702
-7.03702
-7.21703
-7.23340
-6.90609
-7.06156
-7.12702
-7.06156
-7.01247
-7.20885
-6.84063
-7.23340
-6.97974
-7.22521
-7.19248
-6.75063
-7.33977
-7.04520
-7.06975
-6.76699
-6.99610
-6.99610
-6.95519
-7.21703
-7.42160
-7.29068
-7.26613
-7.38068
-6.76699
-7.09429
-7.30704
-7.38068
-7.43796
-7.20885
-7.27431
-7.13521
-7.12702
-6.81609
-7.32341
-6.97974
-7.09429
-7.51979
-7.46251
-6.97974
-7.54434
-6.82427
-6.57061
-6.65243
-6.32513
-5.86691
-5.79326
-5.99783
-6.10420
-5.50687
-5.95692
-5.71144
-5.47414
-6.03874
-5.58052
-5.62961
-5.37595
-5.71144
-5.65416
-5.26958
-5.58052
-5.67871
-5.36777
-5.46596
-5.65416
-6.03056
-5.58052
-5.50687
-4.98319
-5.14684
-5.31049
-4.94228
-5.24503
-4.77862
-4.81954
-4.93409
-4.68043
-4.90136
-4.68862
-4.96682
-4.36131
-4.69680
-4.45950
-4.63952
-4.80317
-4.94228
-4.42677
-4.59043
-4.52496
-4.73771
-5.04047
-4.59043
-4.13220
-4.51678
-4.58224
-4.59861
-4.55769
-4.33677
-4.36950
-4.80317
-4.59043
-4.46769
-4.37768
-4.45132
-4.26312
-4.21403
-4.77862
-4.78681
-4.62316
-4.46769
-4.77862
-4.90955
-4.41859
-4.52496
-4.40223
-4.43496
-4.76226
-4.63952
-4.67225
-4.44314
-5.13048
-4.99137
-4.50860
-4.37768
-4.46769
-5.26958
-4.53315
-5.09774
-4.81954
-4.87682
-4.95864
-4.84409
-4.85227
-4.84409
-4.89318
-5.04047
-4.60679
-4.94228
-4.60679
-4.81954
-4.84409
-4.77044
-4.48405
-4.59861
-4.77862
-4.89318
-4.95046
-4.90955
-4.44314
-4.60679
-4.68043
-4.94228
-4.43496
-4.81954
-5.19594
-4.57406
-4.54133
-4.95864
-4.95864
-4.65589
-4.59861
-4.99955
-4.80317
-4.51678
-4.70498
-5.07320
-5.06501
-4.59861
-5.01592
-4.61497
-4.74589
-4.51678
-4.77044
-5.08956
-4.73771
-4.27949
-4.32858
-4.59861
-4.45132
-4.73771
-4.83590
-4.70498
-4.86863
-4.68043
-4.42677
-4.54951
-4.56588
-4.68862
-4.51678
-4.40223
-4.61497
-4.57406
-4.46769
-4.44314
-4.90955
-4.70498
-4.39404
-4.51678
-4.54133
-4.74589
-4.45950
-4.54133
-4.41041
-4.31222
-4.65589
-4.66407
-5.06501
-4.64770
-4.63134
-4.63952
-4.59043
-4.99137
-4.51678
-4.33677
-4.72953
-4.68043
-4.84409
-5.12229
-4.79499
-4.50860
-4.55769
-4.50042
-4.53315
-4.18948
-4.20584
-4.16493
-4.48405
-4.49223
-4.23857
