0.54005
0.47459
0.42549
0.54005
0.91645
0.42549
0.90827
0.80189
0.32730
0.47459
0.47459
0.53187
0.92463
0.70370
0.30276
0.25366
0.18820
1.36649
0.72007
0.86735
0.56460
0.59733
0.66279
0.71188
1.08828
1.25193
1.08828
0.94918
0.72007
0.15547
0.88372
34.15407
249.24127
712.69421
3452.74438
4801.83838
4892.33789
4891.72412
4892.38672
4892.37061
4900.11133
4984.34277
5095.19189
5184.31641
5303.38965
5255.68506
5135.76123
4953.37158
4921.81982
4912.19678
4923.56250
4942.53809
4927.25293
4907.13184
4928.88916
4938.98682
4872.65869
4959.59863
4926.10742
4897.86084
4921.70508
4872.09424
4872.24951
4872.22510
5087.23047
4873.40332
4872.40479
4872.60938
4872.60156
4872.89600
5022.53906
5045.43359
5077.68115
4893.99072
4872.47852
4956.47266
4916.88574
4895.78271
4903.60498
4969.52393
4953.35547
4943.46240
4969.20508
4881.21777
4872.68311
4871.84863
4872.30664
4872.31494
4872.69141
4888.18945
4938.00488
4882.52686
4920.43652
4872.83887
4871.93848
4863.07666
4872.43799
4871.12012
4859.63184
4850.23047
4843.15234
4843.51221
4843.11963
4833.03027
4840.73047
4822.68750
4813.90771
4812.45947
4815.32324
4866.61182
4874.08252
4873.90234
4873.81250
4874.11523
4873.97607
4874.41797
4874.14795
4818.92383
4866.70996
4923.78320
4947.07910
4920.06055
4901.03564
4901.08496
4899.24365
4874.55713
4875.18701
4874.90088
4874.81055
4875.26904
4875.10547
4875.08057
4874.98242
4874.91699
4875.33447
4874.91699
4874.91699
4878.10840
4908.46582
4933.38135
4974.75293
5007.04102
4959.25488
4931.07422
4912.11523
4932.78418
4954.33740
4875.26074
4874.97412
4875.05615
4874.79443
4875.38330
4875.68604
4875.17871
4875.18701
4878.07568
4896.27344
4918.71045
4901.18311
4910.93701
4898.04932
4902.56592
4905.59375
4914.72510
4942.68506
4932.20312
4926.95020
4873.88623
4873.83691
4874.25439
4873.98438
4874.21338
4874.20508
4874.00879
4873.94336
4874.45898
4874.39355
4874.20508
4873.89404
4873.94336
4874.40137
4874.00049
4874.09082
4874.36865
4874.22998
4873.87793
4873.93506
4874.05811
4874.08252
4874.23779
4874.30322
4874.54053
4878.66455
4874.22998
4873.33789
4874.22168
4874.47510
4874.13965
4874.29541
4885.52979
4414.42627
2148.06543
1650.09827
466.62778
-4.96682
-4.57406
-4.57406
-4.23039
-3.93582
-3.79672
-3.73125
-3.55124
-3.74762
-3.24030
-3.67398
-3.50214
-3.30576
-2.86390
-3.33849
-3.79672
-3.38759
-3.69852
-3.17484
-3.05210
-3.34667
-2.79844
-3.14211
-2.61842
-2.69207
-2.76571
-2.84754
-2.82299
-2.84754
-3.15847
-2.94573
-3.36304